0 0.51796825 0.7234375 0.28906299999999996 0.171875
0 0.201953125 0.7197265625 0.28593799999999997 0.15937500000000004
0 0.20898387499999999 0.5556635624999999 0.278125 0.15937600000000002
0 0.219921875 0.3869140625 0.278125 0.14375
0 0.225390625 0.2486328125 0.27031299999999997 0.135937
0 0.23437449999999999 0.1107421875 0.26718800000000004 0.146875
0 0.5044926875 0.557421875 0.28906200000000004 0.153125
0 0.5109375 0.88984425 0.29687500000000006 0.165624
0 0.51015575 0.3958984375 0.27500099999999994 0.15468700000000002
0 0.5175776249999999 0.252734375 0.27031299999999997 0.1375
0 0.52109425 0.11289012500000001 0.259375 0.129688
0 0.821875 0.7392573125 0.3125 0.151563
0 0.8134765625 0.576953125 0.28437500000000004 0.16093699999999994
0 0.8111323125 0.4250005 0.276563 0.140625
0 0.8181640625 0.123047375 0.26875000000000004 0.1375
0 0.820703625 0.2796875 0.270312 0.14218699999999998
