0 0.6417578125 0.89588575 0.135 0.150833
0 0.2783203125 0.4807815833333333 0.12062499999999998 0.14333300000000002
0 0.28546875 0.6086455 0.1175 0.14166700000000007
0 0.2903125 0.7357815833333333 0.11000000000000001 0.14333300000000002
0 0.2971875 0.8603125 0.109375 0.141667
0 0.30289062499999997 0.9578645833333334 0.11374999999999999 0.08166700000000009
0 0.4521484375 0.4324475833333334 0.12437500000000001 0.14499999999999993
0 0.4585546875 0.5618753333333334 0.13187500000000002 0.13749999999999996
0 0.461484375 0.6949475833333333 0.138125 0.14416699999999993
0 0.4698828125 0.8145836666666666 0.13562499999999994 0.14833300000000005
0 0.4773828125 0.93057325 0.13562500000000005 0.134166
0 0.6062109375 0.3830208333333333 0.13937500000000003 0.15166700000000002
0 0.613984375 0.5071878333333334 0.13687499999999997 0.15333299999999994
0 0.620859375 0.6294795 0.13687499999999997 0.141666
0 0.6266796875 0.7619795000000001 0.13187499999999996 0.14166599999999985
0 0.749609375 0.32036424999999996 0.13812499999999994 0.16416700000000004
0 0.7553515625 0.4427083333333333 0.12875000000000003 0.13749999999999996
0 0.765078125 0.56755175 0.130625 0.15
0 0.768828125 0.6970836666666668 0.130625 0.14666599999999988
0 0.77 0.82807325 0.125 0.13333300000000006
0 0.769296875 0.9526038333333333 0.12250000000000005 0.09083400000000008
0 0.89125 0.22874966666666666 0.125 0.1475
0 0.894453125 0.39765591666666666 0.130625 0.15500000000000003
0 0.900859375 0.5652600833333333 0.13687499999999997 0.160834
0 0.9085546875 0.7201045 0.13249999999999995 0.1741659999999999
0 0.918984375 0.87109375 0.13687500000000008 0.11916700000000002
