0 0.534074 0.7687766676176889 0.03251999999999999 0.015525000000000127
0 0.58582775 0.47836566761768906 0.023765000000000036 0.015524999999999964
0 0.5966560625 0.36694966761768905 0.01813699999999996 0.015524999999999964
0 0.692538375 0.302283 0.012507999999999964 0.0018269999999999782
0 0.7910759375 0.3407530670470756 0.015009999999999968 0.007304999999999986
0 0.8189445 0.4147250670470757 0.016260000000000052 0.008218999999999949
0 0.847789625 0.5019966005706135 0.021263000000000032 0.010958999999999983
0 0.8814835 0.3371000670470756 0.015635000000000066 0.007305999999999975
0 0.9208835 0.3992000670470756 0.01688500000000004 0.008218999999999949
0 0.9954246875 0.49651660057061336 0.006879999999999997 0.010958999999999983
